0 0.623992 0.513441 0.082661 0.065860
0 0.723790 0.285618 0.040323 0.072581
0 0.751512 0.276882 0.065524 0.095430
0 0.807964 0.290323 0.087702 0.073925
0 0.931956 0.327285 0.069556 0.086022
0 0.723286 0.479839 0.095766 0.111559
0 0.372480 0.354839 0.087702 0.084677
0 0.690020 0.609543 0.077621 0.115591
0 0.638105 0.618280 0.036290 0.073925
0 0.682964 0.709005 0.099798 0.072581
0 0.566028 0.784274 0.065524 0.077957
0 0.657258 0.834005 0.070565 0.094086
0 0.695565 0.805780 0.078629 0.088710
0 0.578125 0.701613 0.071573 0.090054