0 0.686996 0.590054 0.113911 0.100806
0 0.555948 0.631720 0.063508 0.076613
0 0.619456 0.662634 0.035282 0.065860
0 0.489415 0.709677 0.049395 0.068548
0 0.573589 0.748656 0.050403 0.057796
0 0.497480 0.796371 0.045363 0.048387
0 0.637601 0.861559 0.051411 0.052419
0 0.567540 0.841398 0.078629 0.073925
0 0.510081 0.848790 0.050403 0.072581
0 0.411290 0.830645 0.048387 0.079301
0 0.457157 0.815860 0.035282 0.084677
0 0.511593 0.772177 0.051411 0.029570
0 0.660786 0.749328 0.035282 0.075269
0 0.709173 0.727151 0.075605 0.068548