0 0.534274 0.536290 0.118952 0.116935
0 0.707157 0.483199 0.057460 0.091398
0 0.810988 0.280914 0.101815 0.079301
0 0.785282 0.643145 0.058468 0.094086
0 0.814012 0.598790 0.047379 0.086022
0 0.738911 0.619624 0.036290 0.087366
0 0.680444 0.581317 0.052419 0.067204
0 0.657258 0.616935 0.046371 0.098118
0 0.614415 0.608871 0.045363 0.076613
0 0.721774 0.799059 0.094758 0.104839
0 0.686996 0.820565 0.063508 0.067204
0 0.616431 0.811156 0.117944 0.110215
0 0.555444 0.777554 0.066532 0.064516
0 0.478327 0.799059 0.089718 0.064516
0 0.397177 0.815188 0.112903 0.077957