0 0.706653 0.465054 0.080645 0.111559
0 0.806452 0.513441 0.042339 0.055108
0 0.932964 0.588710 0.071573 0.100806
0 0.735887 0.699597 0.048387 0.096774
0 0.599798 0.612903 0.048387 0.073925
0 0.502520 0.599462 0.069556 0.073925
0 0.441028 0.580645 0.047379 0.092742
0 0.496976 0.762769 0.050403 0.069892
0 0.431452 0.796371 0.074597 0.048387
0 0.615423 0.823253 0.039315 0.096774
0 0.707661 0.810484 0.078629 0.073925
0 0.650706 0.836694 0.059476 0.077957
0 0.558972 0.772849 0.053427 0.133065
0 0.601815 0.727151 0.048387 0.081989