0 0.695565 0.563844 0.076613 0.086022
0 0.720766 0.412634 0.072581 0.114247
0 0.820060 0.293011 0.093750 0.076613
0 0.717238 0.271505 0.085685 0.073925
0 0.658266 0.215726 0.086694 0.051075
0 0.725806 0.180780 0.098790 0.048387
0 0.498488 0.199597 0.154234 0.123656
0 0.363911 0.342070 0.068548 0.069892
0 0.409274 0.399194 0.056452 0.065860
0 0.567540 0.604167 0.050403 0.072581
0 0.653226 0.625672 0.060484 0.059140
0 0.516633 0.763441 0.083669 0.057796
0 0.445565 0.787634 0.084677 0.063172
0 0.563004 0.776882 0.037298 0.079301
0 0.623992 0.827957 0.044355 0.065860
0 0.641129 0.796371 0.090726 0.080645
0 0.721774 0.755376 0.068548 0.049731