0 0.846774 0.312500 0.064516 0.069892
0 0.764113 0.284946 0.094758 0.065860
0 0.669355 0.211694 0.050403 0.077957
0 0.734375 0.431452 0.091734 0.076613
0 0.541835 0.293683 0.150202 0.147849
0 0.626008 0.558468 0.088710 0.080645
0 0.527722 0.665323 0.093750 0.106183
0 0.469758 0.638441 0.048387 0.049731
0 0.402218 0.524194 0.058468 0.081989
0 0.520161 0.767473 0.032258 0.038978
0 0.595262 0.805780 0.053427 0.056452
0 0.609375 0.762097 0.041331 0.055108
0 0.566532 0.760081 0.032258 0.045699
0 0.704637 0.689516 0.062500 0.065860
0 0.748488 0.608871 0.047379 0.071237
0 0.818548 0.489247 0.044355 0.076613
0 0.641633 0.666667 0.039315 0.041667
0 0.615423 0.629704 0.031250 0.048387
0 0.614919 0.711022 0.048387 0.047043
0 0.584677 0.718414 0.042339 0.040323
0 0.530242 0.720430 0.060484 0.041667