0 0.815257 0.630063 0.056706 0.118812
0 0.685644 0.582808 0.066157 0.087309
0 0.715684 0.504050 0.064131 0.108011
0 0.715684 0.433843 0.046580 0.097210
0 0.634001 0.737174 0.043879 0.095410
0 0.459833 0.778578 0.058731 0.082808
0 0.582021 0.796580 0.037129 0.045005
0 0.597885 0.761926 0.028353 0.044104
0 0.568857 0.754725 0.033753 0.042304
0 0.527678 0.717822 0.058056 0.060306
0 0.513164 0.732223 0.050630 0.067507
0 0.519239 0.601710 0.058731 0.087309
0 0.379838 0.359586 0.083708 0.063906
0 0.447345 0.265527 0.066157 0.109811
0 0.515189 0.262376 0.069532 0.096310
0 0.855761 0.310981 0.085059 0.074707
0 0.810531 0.282628 0.064806 0.073807
0 0.735936 0.281728 0.057381 0.059406
0 0.712984 0.238974 0.078983 0.053105
0 0.686656 0.197570 0.062781 0.035104
0 0.657966 0.816832 0.041854 0.038704
0 0.586071 0.850585 0.088434 0.091809
0 0.674842 0.847435 0.087759 0.062106
0 0.539154 0.846985 0.079658 0.048605
0 0.511139 0.787579 0.069532 0.055806