0 0.320770 0.284878 0.049280 0.087309
0 0.588771 0.235824 0.060081 0.077408
0 0.685981 0.236274 0.088434 0.087309
0 0.762939 0.267777 0.078983 0.108911
0 0.693407 0.490549 0.087084 0.138614
0 0.759563 0.626463 0.070882 0.070207
0 0.727835 0.692619 0.047930 0.049505
0 0.666742 0.694869 0.039154 0.052205
0 0.655941 0.637714 0.043204 0.056706
0 0.583371 0.639064 0.053330 0.054005
0 0.567169 0.701620 0.035779 0.056706
0 0.478060 0.648065 0.046580 0.045005
0 0.391314 0.392889 0.091809 0.063906
0 0.425743 0.719622 0.043204 0.117912
0 0.527678 0.713771 0.029703 0.052205
0 0.493924 0.707471 0.040504 0.037804
0 0.490212 0.752475 0.041179 0.052205
0 0.594847 0.818182 0.066832 0.054005
0 0.571895 0.779028 0.056031 0.051305
0 0.428780 0.803330 0.072232 0.045905
0 0.498312 0.773627 0.056031 0.069307
0 0.508776 0.597660 0.052655 0.068407