0 0.577970 0.743024 0.046580 0.033303
0 0.651215 0.714221 0.056706 0.083708
0 0.614424 0.623762 0.060081 0.041404
0 0.724122 0.620612 0.051305 0.045905
0 0.728173 0.691269 0.051305 0.063006
0 0.426418 0.500450 0.041854 0.061206
0 0.454433 0.625563 0.057381 0.077408
0 0.439581 0.747525 0.030378 0.058506
0 0.436206 0.795680 0.039829 0.077408
0 0.483123 0.797480 0.039154 0.046805
0 0.611724 0.830783 0.035779 0.063006
0 0.628938 0.770027 0.037804 0.058506
0 0.577970 0.817282 0.060081 0.070207
0 0.572570 0.795230 0.050630 0.054905
0 0.520590 0.788029 0.035779 0.038704
0 0.513164 0.736724 0.014176 0.033303
0 0.543204 0.727723 0.020252 0.031503
0 0.480086 0.732223 0.023627 0.027903