0 0.732359 0.427419 0.079637 0.084677
0 0.726310 0.288978 0.085685 0.041667
0 0.759577 0.288306 0.069556 0.064516
0 0.662802 0.213710 0.047379 0.076613
0 0.852823 0.325269 0.048387 0.092742
0 0.405242 0.524866 0.050403 0.086022
0 0.533266 0.766129 0.060484 0.049731
0 0.594758 0.797043 0.056452 0.090054
0 0.614919 0.774866 0.058468 0.045699
0 0.615927 0.739247 0.056452 0.044355
0 0.540827 0.716398 0.033266 0.047043
0 0.563004 0.695565 0.029234 0.056452
0 0.616431 0.713038 0.029234 0.059140
0 0.686996 0.697581 0.051411 0.073925
0 0.722782 0.690860 0.032258 0.055108
0 0.740927 0.596102 0.034274 0.077957
0 0.642641 0.607527 0.045363 0.057796
0 0.619456 0.548387 0.049395 0.057796
0 0.662298 0.540995 0.038306 0.048387
0 0.580141 0.467070 0.041331 0.056452
0 0.463206 0.643145 0.045363 0.061828
0 0.635081 0.664651 0.054435 0.037634
0 0.574597 0.722446 0.034274 0.067204
0 0.555948 0.589382 0.105847 0.099462