0 0.682005 0.585165 0.092033 0.073260
0 0.705357 0.493590 0.072802 0.080586
0 0.956731 0.506410 0.086538 0.069597
0 0.804945 0.304945 0.071429 0.062271
0 0.666209 0.245421 0.057692 0.067766
0 0.458791 0.766484 0.085165 0.109890
0 0.583791 0.828755 0.057692 0.084249
0 0.666209 0.815934 0.076923 0.065934
0 0.522665 0.767399 0.059066 0.071429
0 0.607143 0.770147 0.038462 0.062271
0 0.569368 0.759158 0.039835 0.091575
0 0.527473 0.715201 0.049451 0.062271
0 0.631181 0.478938 0.075549 0.113553
0 0.581044 0.608059 0.054945 0.082418
0 0.646978 0.632784 0.049451 0.062271