0 0.677300 0.230959 0.072700 0.069238
0 0.710682 0.283383 0.074184 0.087043
0 0.770030 0.285361 0.059347 0.094955
0 0.450297 0.200297 0.054896 0.094955
0 0.403561 0.491098 0.065282 0.090999
0 0.512611 0.703759 0.149852 0.096934
0 0.438427 0.765084 0.087537 0.089021
0 0.572700 0.788823 0.089021 0.100890
0 0.649852 0.714639 0.077151 0.071217
0 0.587537 0.627596 0.059347 0.071217
0 0.749258 0.692878 0.074184 0.087043
0 0.712908 0.523739 0.072700 0.108803
0 0.722552 0.409990 0.047478 0.083086
0 0.852374 0.318002 0.066766 0.081108