0 0.525223 0.513848 0.115727 0.160237
0 0.649852 0.469337 0.121662 0.118694
0 0.703264 0.584075 0.103858 0.106825
0 0.654303 0.628586 0.047478 0.061325
0 0.691395 0.810584 0.091988 0.104847
0 0.651335 0.841246 0.056380 0.071217
0 0.590504 0.816518 0.083086 0.136499
0 0.600890 0.739367 0.047478 0.065282
0 0.666914 0.701780 0.063798 0.061325
0 0.525964 0.762117 0.072700 0.118694
0 0.408012 0.418892 0.041543 0.092977
0 0.791543 0.286350 0.108309 0.136499
0 0.696588 0.245796 0.084570 0.075173
0 0.706231 0.187438 0.109792 0.065282