0 0.700297 0.580119 0.103858 0.067260
0 0.712166 0.543521 0.089021 0.037587
0 0.698813 0.508902 0.097923 0.071217
0 0.724036 0.264590 0.074184 0.065282
0 0.819733 0.278437 0.090504 0.152324
0 0.715134 0.196340 0.100890 0.083086
0 0.377596 0.334817 0.081602 0.110781
0 0.433234 0.790801 0.041543 0.085064
0 0.488131 0.789812 0.053412 0.087043
0 0.627596 0.850148 0.038576 0.077151
0 0.584570 0.828388 0.053412 0.053412
0 0.593472 0.779921 0.080119 0.059347
0 0.600890 0.731454 0.086053 0.065282
0 0.573442 0.628586 0.060831 0.049456