0 0.787834 0.651335 0.065282 0.134520
0 0.695104 0.225025 0.099407 0.053412
0 0.557864 0.590010 0.103858 0.110781
0 0.669881 0.622651 0.048961 0.085064
0 0.644659 0.736400 0.066766 0.031652
0 0.646142 0.793769 0.087537 0.027695
0 0.613501 0.858061 0.111276 0.073195
0 0.562315 0.782888 0.053412 0.100890
0 0.486647 0.768051 0.100890 0.071217
0 0.522255 0.705737 0.053412 0.041543
0 0.444362 0.595945 0.108309 0.162216
0 0.367953 0.697824 0.053412 0.085064
0 0.304154 0.775964 0.059347 0.110781
0 0.370920 0.832344 0.062315 0.049456
0 0.433976 0.822453 0.048961 0.045500
0 0.388724 0.772008 0.050445 0.075173
0 0.388724 0.340752 0.074184 0.094955