0 0.531754 0.595430 0.083669 0.087366
0 0.639617 0.630376 0.045363 0.057796
0 0.712702 0.479167 0.092742 0.086022
0 0.768649 0.280242 0.067540 0.064516
0 0.691028 0.272177 0.083669 0.053763
0 0.633569 0.229167 0.055444 0.051075
0 0.574597 0.228495 0.056452 0.084677
0 0.370968 0.434812 0.050403 0.069892
0 0.438508 0.630376 0.062500 0.060484
0 0.499496 0.771505 0.053427 0.060484
0 0.460685 0.766129 0.046371 0.047043
0 0.575605 0.737231 0.056452 0.061828
0 0.593246 0.671371 0.051411 0.086022
0 0.644657 0.720430 0.055444 0.065860
0 0.719254 0.733871 0.045363 0.079301
0 0.651210 0.848790 0.082661 0.048387
0 0.581149 0.794355 0.071573 0.065860