0 0.697077 0.561156 0.089718 0.061828
0 0.827621 0.295699 0.080645 0.071237
0 0.595766 0.239919 0.038306 0.075269
0 0.389617 0.348118 0.049395 0.084677
0 0.381552 0.445565 0.085685 0.075269
0 0.452621 0.621640 0.078629 0.088710
0 0.558972 0.695565 0.097782 0.091398
0 0.651210 0.710349 0.044355 0.069892
0 0.772681 0.663306 0.073589 0.075269
0 0.653226 0.817204 0.094758 0.087366
0 0.482863 0.770833 0.102823 0.067204
0 0.397681 0.798387 0.053427 0.073925
0 0.414819 0.860215 0.117944 0.100806
0 0.325605 0.783602 0.044355 0.084677
0 0.288306 0.741935 0.048387 0.079301
0 0.547883 0.764785 0.057460 0.076613
0 0.588206 0.614919 0.065524 0.080645