0 0.696573 0.526882 0.086694 0.079301
0 0.688004 0.216398 0.067540 0.079301
0 0.636089 0.218414 0.060484 0.056452
0 0.607863 0.285618 0.082661 0.075269
0 0.586190 0.235887 0.067540 0.067204
0 0.575101 0.631048 0.055444 0.067204
0 0.667843 0.592070 0.071573 0.077957
0 0.661794 0.698925 0.057460 0.076613
0 0.599798 0.723118 0.044355 0.081989
0 0.563508 0.718414 0.052419 0.051075
0 0.519657 0.721774 0.049395 0.063172
0 0.430444 0.747984 0.054435 0.056452
0 0.446573 0.610215 0.056452 0.092742
0 0.496976 0.784946 0.052419 0.065860
0 0.598286 0.815188 0.081653 0.056452
0 0.540827 0.779570 0.061492 0.114247