0 0.679940 0.549059 0.049395 0.075269
0 0.727319 0.385753 0.051411 0.106183
0 0.771673 0.270833 0.079637 0.091398
0 0.594758 0.235887 0.050403 0.069892
0 0.567036 0.624328 0.031250 0.051075
0 0.618952 0.653226 0.032258 0.071237
0 0.665323 0.636425 0.046371 0.069892
0 0.727319 0.749328 0.037298 0.067204
0 0.640121 0.778226 0.050403 0.073925
0 0.615423 0.789651 0.041331 0.056452
0 0.578125 0.781586 0.051411 0.064516
0 0.523185 0.763441 0.054435 0.095430
0 0.476815 0.739919 0.050403 0.059140
0 0.450605 0.807124 0.070565 0.069892
0 0.584173 0.698925 0.043347 0.049731
0 0.383065 0.364919 0.086694 0.075269