0 0.379032 0.431452 0.066532 0.106183
0 0.447077 0.628360 0.047379 0.069892
0 0.555948 0.641129 0.041331 0.076613
0 0.623488 0.633065 0.053427 0.071237
0 0.693548 0.459005 0.052419 0.069892
0 0.690020 0.280914 0.075605 0.084677
0 0.775706 0.299731 0.073589 0.079301
0 0.625504 0.228495 0.047379 0.073925
0 0.571069 0.235215 0.057460 0.079301
0 0.655242 0.717742 0.078629 0.065860
0 0.726310 0.702285 0.059476 0.104839
0 0.657258 0.811156 0.074597 0.083333
0 0.496472 0.765457 0.063508 0.067204
0 0.454637 0.770161 0.034274 0.055108
0 0.541331 0.717742 0.050403 0.068548
0 0.578125 0.739247 0.047379 0.057796