0 0.682493 0.535608 0.071217 0.120673
0 0.715875 0.242829 0.093472 0.124629
0 0.810089 0.284372 0.062315 0.140455
0 0.403561 0.361523 0.086053 0.100890
0 0.445846 0.608803 0.081602 0.077151
0 0.304154 0.781899 0.089021 0.126607
0 0.405786 0.793769 0.054896 0.122651
0 0.513353 0.712661 0.089021 0.051434
0 0.494065 0.765084 0.041543 0.120673
0 0.594955 0.824431 0.118694 0.120673
0 0.537834 0.858061 0.087537 0.065282
0 0.671365 0.817507 0.093472 0.071217
0 0.669881 0.686944 0.045994 0.118694
0 0.605341 0.610781 0.100890 0.065282