0 0.455490 0.482196 0.130564 0.120673
0 0.474777 0.793769 0.071217 0.055391
0 0.514837 0.759149 0.035608 0.112760
0 0.569733 0.727498 0.062315 0.089021
0 0.614243 0.666172 0.050445 0.081108
0 0.661721 0.610781 0.080119 0.077151
0 0.608309 0.821464 0.089021 0.090999
0 0.583086 0.852127 0.083086 0.033630
0 0.679525 0.826409 0.062315 0.045500
0 0.780415 0.290307 0.044510 0.069238
0 0.810089 0.266568 0.044510 0.100890
0 0.853858 0.298220 0.057864 0.096934
0 0.683976 0.246785 0.050445 0.069238
0 0.364985 0.353610 0.091988 0.037587