0 0.819733 0.295252 0.066766 0.122651
0 0.675074 0.227992 0.130564 0.067260
0 0.519288 0.329871 0.080119 0.077151
0 0.490356 0.502967 0.111276 0.087043
0 0.381306 0.692878 0.044510 0.102868
0 0.316766 0.794758 0.057864 0.085064
0 0.387982 0.818497 0.075668 0.057369
0 0.382789 0.784866 0.068249 0.037587
0 0.508902 0.788823 0.127596 0.057369
0 0.577151 0.864985 0.068249 0.079130
0 0.623145 0.845203 0.091988 0.079130
0 0.597923 0.768051 0.032641 0.083086
0 0.672107 0.697824 0.047478 0.061325
0 0.706231 0.731454 0.062315 0.069238
0 0.692136 0.577151 0.090504 0.128586
0 0.714392 0.469337 0.060831 0.083086
0 0.618694 0.626607 0.056380 0.061325
0 0.502226 0.731454 0.060831 0.077151