0 0.403561 0.809594 0.086053 0.063304
0 0.436944 0.757171 0.069733 0.029674
0 0.482196 0.783877 0.062315 0.071217
0 0.545252 0.773986 0.066766 0.090999
0 0.576409 0.730465 0.063798 0.055391
0 0.607567 0.606825 0.037092 0.077151
0 0.643175 0.628586 0.037092 0.081108
0 0.642433 0.844214 0.091988 0.085064
0 0.376113 0.361523 0.096439 0.053412
0 0.466617 0.568249 0.069733 0.106825
0 0.706973 0.524728 0.084570 0.079130
0 0.793027 0.658259 0.060831 0.108803
0 0.675816 0.690900 0.051929 0.059347
0 0.714392 0.464392 0.066766 0.053412
0 0.727003 0.408012 0.083086 0.051434
0 0.717359 0.163699 0.054896 0.085064
0 0.916914 0.299209 0.077151 0.063304