0 0.550907 0.784946 0.031250 0.076613
0 0.344254 0.677419 0.079637 0.084677
0 0.608871 0.421371 0.060484 0.059140
0 0.856855 0.674731 0.064516 0.084677
0 0.912298 0.612903 0.054435 0.081989
0 0.887097 0.827285 0.052419 0.072581
0 0.852823 0.839382 0.042339 0.056452
0 0.833165 0.817876 0.037298 0.056452
0 0.806956 0.831317 0.043347 0.080645
0 0.818548 0.848790 0.048387 0.061828
0 0.781250 0.815188 0.042339 0.061828
0 0.749496 0.804435 0.039315 0.034946
0 0.731855 0.832661 0.074597 0.075269
0 0.680948 0.844086 0.041331 0.084677
0 0.597278 0.856183 0.037298 0.071237
0 0.648690 0.637097 0.053427 0.063172
0 0.551915 0.870968 0.055444 0.063172
0 0.439516 0.870968 0.044355 0.055108