0 0.699597 0.412634 0.106855 0.103495
0 0.706149 0.492608 0.071573 0.102151
0 0.670867 0.711694 0.075605 0.118280
0 0.698085 0.824597 0.093750 0.072581
0 0.632560 0.778898 0.059476 0.067204
0 0.608367 0.794355 0.037298 0.071237
0 0.637601 0.852151 0.059476 0.095430
0 0.583669 0.777554 0.042339 0.067204
0 0.565524 0.803763 0.044355 0.055108
0 0.468246 0.782258 0.069556 0.068548
0 0.510585 0.702957 0.091734 0.119624
0 0.379032 0.641801 0.060484 0.072581
0 0.380040 0.798387 0.074597 0.068548
0 0.422883 0.474462 0.053427 0.103495
0 0.386593 0.362903 0.103831 0.087366
0 0.676915 0.233871 0.083669 0.071237
0 0.728327 0.609543 0.047379 0.075269
0 0.654234 0.616263 0.062500 0.099462
0 0.821069 0.290323 0.075605 0.111559