0 0.682460 0.552419 0.064516 0.092742
0 0.709677 0.272849 0.036290 0.106183
0 0.756048 0.266129 0.054435 0.087366
0 0.846774 0.307124 0.048387 0.118280
0 0.734879 0.364919 0.074597 0.080645
0 0.400202 0.372984 0.052419 0.080645
0 0.389617 0.214382 0.087702 0.166667
0 0.516129 0.706317 0.054435 0.083333
0 0.449597 0.789651 0.042339 0.069892
0 0.517641 0.791667 0.053427 0.057796
0 0.636593 0.827957 0.065524 0.071237
0 0.611895 0.776882 0.052419 0.073925
0 0.576613 0.781586 0.030242 0.099462
0 0.592238 0.709005 0.055444 0.069892