0 0.574093 0.424059 0.123992 0.102151
0 0.391129 0.411290 0.058468 0.047043
0 0.564012 0.582661 0.083669 0.077957
0 0.708165 0.514785 0.047379 0.081989
0 0.777218 0.275538 0.082661 0.073925
0 0.714718 0.267473 0.062500 0.063172
0 0.718246 0.688844 0.049395 0.051075
0 0.596270 0.781586 0.043347 0.043011
0 0.610383 0.765457 0.053427 0.043011
0 0.627520 0.723118 0.063508 0.068548
0 0.668347 0.602151 0.048387 0.073925
0 0.763609 0.594086 0.049395 0.071237
0 0.549899 0.722446 0.055444 0.075269
0 0.524194 0.741263 0.046371 0.075269
0 0.621976 0.609543 0.034274 0.083333