0 0.719585 0.486152 0.142433 0.124629
0 0.551187 0.321958 0.161721 0.100890
0 0.445846 0.341741 0.108309 0.116716
0 0.386499 0.367458 0.043027 0.100890
0 0.307122 0.173591 0.160237 0.211672
0 0.768546 0.279426 0.050445 0.059347
0 0.821217 0.292285 0.054896 0.073195
0 0.700297 0.231949 0.053412 0.102868
0 0.577893 0.622651 0.084570 0.081108
0 0.525223 0.707715 0.077151 0.049456
0 0.393917 0.796736 0.093472 0.077151
0 0.391691 0.506924 0.053412 0.114738
0 0.560089 0.815529 0.123145 0.067260
0 0.751484 0.738378 0.090504 0.075173