0 0.703533 0.505851 0.049280 0.091809
0 0.624212 0.430243 0.083708 0.099010
0 0.637039 0.634563 0.035104 0.055806
0 0.695770 0.196670 0.071557 0.047705
0 0.682606 0.245275 0.077633 0.045905
0 0.586409 0.228173 0.067507 0.069307
0 0.385576 0.805581 0.045230 0.095410
0 0.443969 0.809631 0.027003 0.089109
0 0.485824 0.773627 0.041854 0.107111
0 0.601935 0.823582 0.059406 0.081008
0 0.576283 0.777678 0.036454 0.054005
0 0.549280 0.766877 0.058056 0.043204
0 0.522952 0.736724 0.064806 0.060306
0 0.563119 0.648965 0.087084 0.073807
0 0.674167 0.702070 0.071557 0.061206
0 0.628938 0.726373 0.059406 0.059406
0 0.565144 0.741674 0.024977 0.043204