0 0.569194 0.567507 0.107336 0.126913
0 0.510464 0.366787 0.072232 0.116112
0 0.706571 0.440594 0.048605 0.116112
0 0.719397 0.512151 0.089109 0.088209
0 0.683281 0.586859 0.078983 0.135014
0 0.698470 0.803780 0.066157 0.102610
0 0.647165 0.841584 0.018902 0.102610
0 0.636364 0.812781 0.072907 0.088209
0 0.608348 0.840234 0.056031 0.103510
0 0.583033 0.850135 0.055356 0.090909
0 0.556706 0.794329 0.070207 0.076508
0 0.428780 0.767777 0.064131 0.059406
0 0.834496 0.306481 0.138389 0.083708
0 0.681931 0.237624 0.065482 0.052205
0 0.745050 0.267777 0.048605 0.078308
0 0.638051 0.249325 0.062781 0.068407