0 0.803443 0.288029 0.051980 0.090009
0 0.732223 0.392889 0.055356 0.085509
0 0.683618 0.541854 0.043204 0.082808
0 0.516877 0.528803 0.130963 0.157516
0 0.658303 0.701620 0.064131 0.071107
0 0.621175 0.652565 0.051980 0.050405
0 0.670792 0.633213 0.045905 0.062106
0 0.726485 0.762376 0.073582 0.068407
0 0.476373 0.727723 0.076958 0.119712
0 0.648177 0.854185 0.072232 0.052205
0 0.647840 0.820432 0.070207 0.042304
0 0.566157 0.803780 0.089109 0.073807
0 0.565482 0.761026 0.062106 0.067507
0 0.529703 0.756526 0.045905 0.060306
0 0.451058 0.807381 0.068182 0.084608