0 0.681593 0.229523 0.062106 0.070207
0 0.731211 0.403240 0.072232 0.073807
0 0.719397 0.508101 0.070207 0.116112
0 0.655941 0.702520 0.035104 0.081908
0 0.713321 0.724572 0.071557 0.063006
0 0.534766 0.718272 0.057381 0.052205
0 0.522277 0.747975 0.048605 0.039604
0 0.574257 0.760576 0.045905 0.027003
0 0.622862 0.816382 0.058056 0.064806
0 0.601260 0.779028 0.029703 0.040504
0 0.551305 0.802880 0.071557 0.059406
0 0.507088 0.779928 0.034428 0.054905
0 0.486499 0.782628 0.049955 0.063906
0 0.441269 0.746175 0.047255 0.043204
0 0.443632 0.805581 0.033078 0.054005