0 0.373087 0.346085 0.117462 0.110711
0 0.675518 0.588209 0.074257 0.114311
0 0.769352 0.284878 0.047255 0.072907
0 0.696445 0.234023 0.095860 0.100810
0 0.655941 0.729973 0.076958 0.100810
0 0.621512 0.824932 0.089109 0.060306
0 0.597547 0.804230 0.056031 0.067507
0 0.558731 0.731323 0.025653 0.067507
0 0.550293 0.779028 0.042529 0.071107
0 0.508438 0.769577 0.029028 0.064806
0 0.505738 0.766427 0.050630 0.096310
0 0.470297 0.770477 0.037804 0.070207
0 0.436544 0.802880 0.048605 0.077408
0 0.428443 0.774977 0.049955 0.064806
0 0.387264 0.810081 0.049955 0.063006
0 0.456796 0.604410 0.031053 0.044104
0 0.442282 0.653015 0.046580 0.044104