0 0.505040 0.553763 0.094758 0.184140
0 0.658266 0.229167 0.112903 0.061828
0 0.683972 0.294355 0.085685 0.060484
0 0.775202 0.301747 0.096774 0.083333
0 0.703125 0.390457 0.047379 0.083333
0 0.684476 0.495296 0.078629 0.080645
0 0.629032 0.637097 0.066532 0.073925
0 0.640625 0.712366 0.061492 0.090054
0 0.615927 0.852823 0.052419 0.059140
0 0.527218 0.795027 0.050403 0.051075
0 0.539315 0.745296 0.086694 0.061828
0 0.479839 0.771505 0.044355 0.057796
0 0.432460 0.637097 0.052419 0.060484
0 0.429435 0.559140 0.072581 0.057796