0 0.672379 0.225806 0.090726 0.079301
0 0.732359 0.206989 0.087702 0.057796
0 0.728831 0.266129 0.066532 0.087366
0 0.701109 0.466398 0.053427 0.125000
0 0.832157 0.596774 0.093750 0.087366
0 0.739919 0.623656 0.056452 0.073925
0 0.669859 0.590054 0.083669 0.087366
0 0.584173 0.631048 0.045363 0.069892
0 0.418347 0.660618 0.062500 0.094086
0 0.463206 0.634409 0.053427 0.063172
0 0.508065 0.693548 0.042339 0.052419
0 0.649194 0.817204 0.058468 0.081989
0 0.587702 0.816532 0.078629 0.094086
0 0.541835 0.762769 0.107863 0.088710
0 0.474798 0.776882 0.108871 0.100806
0 0.445060 0.565188 0.085685 0.077957