0 0.585685 0.459677 0.145161 0.125000
0 0.717238 0.450269 0.063508 0.116935
0 0.797379 0.285618 0.050403 0.072581
0 0.706653 0.191532 0.068548 0.091398
0 0.419355 0.156586 0.098790 0.169355
0 0.360887 0.363575 0.072581 0.059140
0 0.455645 0.290995 0.131048 0.091398
0 0.473790 0.491935 0.098790 0.119624
0 0.598286 0.588710 0.101815 0.090054
0 0.703125 0.580645 0.093750 0.141129
0 0.663306 0.704301 0.076613 0.068548
0 0.407258 0.808468 0.042339 0.075269
0 0.463710 0.776882 0.068548 0.071237
0 0.507560 0.763441 0.053427 0.090054
0 0.546371 0.760081 0.048387 0.102151
0 0.601815 0.823253 0.070565 0.059140
0 0.581653 0.764113 0.052419 0.056452