0 0.716734 0.429435 0.058468 0.064516
0 0.667339 0.603495 0.078629 0.090054
0 0.697581 0.514113 0.082661 0.107527
0 0.753528 0.272177 0.057460 0.086022
0 0.821573 0.303091 0.078629 0.069892
0 0.684476 0.209677 0.076613 0.076613
0 0.654234 0.278898 0.048387 0.099462
0 0.543851 0.761425 0.051411 0.099462
0 0.451109 0.796371 0.109879 0.077957
0 0.261089 0.758737 0.084677 0.094086
0 0.705141 0.809812 0.079637 0.083333
0 0.639617 0.839382 0.053427 0.077957
0 0.592742 0.805108 0.054435 0.114247
0 0.735887 0.727151 0.070565 0.079301
0 0.684980 0.759409 0.057460 0.084677
0 0.807964 0.536962 0.067540 0.088710