0 0.398185 0.459677 0.072581 0.090054
0 0.309476 0.290323 0.074597 0.073925
0 0.586190 0.241935 0.069556 0.087366
0 0.763609 0.272177 0.081653 0.139785
0 0.779234 0.663978 0.056452 0.149194
0 0.597278 0.516129 0.097782 0.092742
0 0.585181 0.627016 0.045363 0.061828
0 0.644657 0.651210 0.037298 0.067204
0 0.516633 0.698925 0.039315 0.063172
0 0.450605 0.507392 0.044355 0.056452
0 0.436996 0.770833 0.037298 0.064516
0 0.488911 0.766129 0.056452 0.079301
0 0.535786 0.770161 0.075605 0.065860
0 0.452621 0.626344 0.040323 0.057796
0 0.482359 0.555780 0.065524 0.061828
0 0.451613 0.593414 0.064516 0.045699