0 0.690020 0.517473 0.077621 0.079301
0 0.678427 0.596102 0.076613 0.083333
0 0.724798 0.276882 0.060484 0.084677
0 0.799899 0.276210 0.065524 0.061828
0 0.682964 0.216398 0.085685 0.087366
0 0.587198 0.241935 0.055444 0.060484
0 0.567036 0.632392 0.045363 0.069892
0 0.610887 0.624328 0.052419 0.064516
0 0.659778 0.725134 0.061492 0.077957
0 0.449093 0.605511 0.047379 0.069892
0 0.436492 0.786290 0.046371 0.084677
0 0.495968 0.776882 0.056452 0.090054
0 0.551915 0.782930 0.089718 0.083333
0 0.488407 0.712366 0.043347 0.076613
0 0.522681 0.721774 0.039315 0.081989
0 0.563508 0.733871 0.068548 0.092742