0 0.352498 0.386589 0.073582 0.062106
0 0.807831 0.303780 0.049955 0.096310
0 0.736949 0.285779 0.047255 0.074707
0 0.672817 0.253825 0.044554 0.061206
0 0.639401 0.248875 0.065482 0.054905
0 0.689356 0.491449 0.056031 0.073807
0 0.768677 0.657516 0.036454 0.054905
0 0.408191 0.826283 0.036454 0.100810
0 0.525653 0.777678 0.067507 0.061206
0 0.693069 0.728173 0.109361 0.127813
0 0.670117 0.828533 0.066157 0.058506
0 0.676530 0.880738 0.034428 0.042304
0 0.657628 0.867687 0.123537 0.028803
0 0.597885 0.846535 0.054005 0.076508
0 0.575608 0.819532 0.060756 0.089109
0 0.436206 0.820882 0.033078 0.052205