0 0.847997 0.300630 0.066832 0.072007
0 0.808843 0.297030 0.062781 0.131413
0 0.773065 0.281728 0.049280 0.052205
0 0.674167 0.233123 0.060756 0.048605
0 0.694419 0.551755 0.108011 0.066607
0 0.674167 0.630063 0.094509 0.059406
0 0.513839 0.761926 0.050630 0.098110
0 0.547930 0.833933 0.040504 0.045905
0 0.648852 0.848335 0.049280 0.063906
0 0.628600 0.803780 0.035779 0.045005
0 0.558731 0.745725 0.027003 0.038704
0 0.856098 0.599010 0.065482 0.107111
0 0.795680 0.651665 0.039154 0.104410
0 0.745050 0.620612 0.022952 0.067507
0 0.805468 0.522502 0.073582 0.076508
0 0.570882 0.725023 0.089109 0.069307
0 0.475698 0.778578 0.031053 0.081008