0 0.723110 0.490099 0.105986 0.069307
0 0.822007 0.626013 0.058056 0.130513
0 0.664041 0.620612 0.059406 0.058506
0 0.678218 0.660216 0.054005 0.054905
0 0.565482 0.403690 0.130963 0.116112
0 0.461521 0.839334 0.051305 0.072907
0 0.457808 0.789829 0.054680 0.072907
0 0.618812 0.772727 0.058056 0.044104
0 0.644127 0.913141 0.103285 0.065707
0 0.680581 0.220522 0.072232 0.086409
0 0.744374 0.275428 0.076958 0.059406
0 0.790279 0.283528 0.032403 0.052205
0 0.837196 0.305581 0.069532 0.042304
0 0.539829 0.628263 0.108011 0.099010