0 0.819982 0.276328 0.055356 0.079208
0 0.781166 0.292979 0.049280 0.072907
0 0.689356 0.216472 0.062781 0.074707
0 0.596197 0.593159 0.066832 0.064806
0 0.649527 0.635014 0.030378 0.062106
0 0.665054 0.691269 0.056031 0.055806
0 0.598222 0.723222 0.031728 0.054905
0 0.643114 0.817732 0.063456 0.085509
0 0.602948 0.797930 0.027678 0.031503
0 0.574595 0.783528 0.029028 0.047705
0 0.536454 0.786229 0.029703 0.038704
0 0.520590 0.751575 0.045230 0.039604
0 0.515189 0.787129 0.023627 0.015302
0 0.424730 0.812331 0.066832 0.038704