0 0.706571 0.506751 0.087759 0.104410
0 0.748087 0.615212 0.047930 0.076508
0 0.804455 0.625563 0.064806 0.090009
0 0.768677 0.274977 0.035104 0.074707
0 0.843609 0.293429 0.087759 0.068407
0 0.700833 0.229973 0.057381 0.071107
0 0.385914 0.350585 0.103960 0.067507
0 0.623875 0.612961 0.061431 0.095410
0 0.654253 0.635014 0.056031 0.049505
0 0.666742 0.828083 0.035104 0.061206
0 0.662691 0.794779 0.040504 0.070207
0 0.616449 0.849235 0.043879 0.063906
0 0.577970 0.795680 0.020927 0.063006
0 0.576620 0.739424 0.027678 0.027903
0 0.489874 0.769127 0.063456 0.053105