0 0.294521 0.266695 0.075771 0.064212
0 0.696811 0.201199 0.086687 0.054795
0 0.669199 0.229880 0.105950 0.069349
0 0.710295 0.419092 0.041738 0.096747
0 0.698416 0.479024 0.086045 0.036815
0 0.706443 0.532106 0.090539 0.083048
0 0.674015 0.625428 0.079623 0.110445
0 0.602419 0.656678 0.035317 0.063356
0 0.646725 0.850599 0.123930 0.045377
0 0.647688 0.834332 0.095034 0.050514
0 0.587971 0.785959 0.077055 0.046233
0 0.545912 0.773116 0.049443 0.058219
0 0.506742 0.719606 0.067423 0.045377
0 0.477847 0.775257 0.073844 0.047089
0 0.412350 0.813784 0.081550 0.040240
0 0.722496 0.625000 0.035317 0.071918