0 0.704208 0.435644 0.061431 0.120612
0 0.588771 0.547705 0.101935 0.148515
0 0.678555 0.594059 0.097885 0.052205
0 0.683956 0.522502 0.073582 0.065707
0 0.951170 0.498650 0.097660 0.066607
0 0.805806 0.307831 0.093159 0.068407
0 0.724460 0.146715 0.076283 0.079208
0 0.665392 0.248425 0.072907 0.070207
0 0.676530 0.799730 0.062781 0.060306
0 0.658303 0.855536 0.089784 0.033303
0 0.594509 0.840684 0.048605 0.057606
0 0.619149 0.795230 0.054680 0.060306
0 0.576283 0.800630 0.054005 0.065707
0 0.575945 0.757876 0.039829 0.055806
0 0.521265 0.777678 0.057381 0.057606
0 0.460846 0.774977 0.083708 0.099010
0 0.510126 0.720522 0.058056 0.056706