0 0.731548 0.471647 0.090459 0.111611
0 0.700495 0.557156 0.098560 0.109811
0 0.794667 0.634563 0.060081 0.088209
0 0.692057 0.639064 0.101935 0.099010
0 0.602273 0.620162 0.035779 0.048605
0 0.562444 0.643114 0.033078 0.040504
0 0.371737 0.358236 0.086409 0.095410
0 0.418992 0.491899 0.058056 0.049505
0 0.387601 0.457696 0.043879 0.036904
0 0.306931 0.796130 0.076958 0.069307
0 0.229973 0.737174 0.093159 0.109811
0 0.471985 0.775428 0.047930 0.071107
0 0.594847 0.845185 0.107336 0.102610
0 0.530716 0.763726 0.058731 0.071107
0 0.555356 0.773627 0.055356 0.053105
0 0.588096 0.792529 0.030378 0.053105
0 0.609698 0.819082 0.037129 0.070207
0 0.641764 0.639064 0.041854 0.063006
0 0.724797 0.284878 0.058056 0.060306
0 0.677543 0.231323 0.051305 0.066607
0 0.651553 0.218272 0.047930 0.076508
0 0.579995 0.223672 0.062781 0.087309