0 0.397052 0.805131 0.074932 0.069307
0 0.503038 0.767777 0.057381 0.061206
0 0.481098 0.786229 0.063456 0.053105
0 0.503713 0.696220 0.046580 0.058506
0 0.550630 0.770027 0.091809 0.060306
0 0.561431 0.856436 0.074257 0.076508
0 0.622525 0.866337 0.045230 0.053105
0 0.688006 0.802430 0.077633 0.089109
0 0.652565 0.840684 0.035104 0.036004
0 0.642439 0.824932 0.036454 0.027903
0 0.605648 0.789379 0.026328 0.082808
0 0.697795 0.509901 0.074257 0.101710
0 0.743362 0.397390 0.085734 0.058506
0 0.771040 0.282178 0.093834 0.069307
0 0.393677 0.391539 0.064131 0.054005