0 0.695770 0.465797 0.079658 0.099910
0 0.681256 0.617912 0.080333 0.099910
0 0.652565 0.534653 0.099910 0.079208
0 0.808168 0.635914 0.074932 0.126913
0 0.820995 0.309631 0.091134 0.072007
0 0.758888 0.304230 0.053330 0.046805
0 0.716359 0.283528 0.065482 0.057606
0 0.647502 0.242124 0.080333 0.066607
0 0.646490 0.830333 0.067507 0.081908
0 0.578983 0.853735 0.054005 0.071107
0 0.565819 0.802430 0.053330 0.076508
0 0.539491 0.786229 0.034428 0.074707
0 0.495275 0.804680 0.032403 0.070207
0 0.474685 0.779478 0.072232 0.088209
0 0.379163 0.416292 0.056706 0.067507