0 0.696782 0.489199 0.095185 0.069307
0 0.817282 0.608011 0.071557 0.080108
0 0.797367 0.650315 0.087084 0.101710
0 0.741337 0.621512 0.049280 0.056706
0 0.676868 0.586409 0.039154 0.071107
0 0.669779 0.615212 0.056031 0.087309
0 0.622862 0.619712 0.068857 0.054905
0 0.721760 0.811881 0.116787 0.091809
0 0.625225 0.837084 0.120837 0.066607
0 0.538816 0.766427 0.078983 0.054905
0 0.558393 0.857336 0.068182 0.065707
0 0.454770 0.799730 0.113411 0.099910
0 0.388276 0.814581 0.097885 0.086409
0 0.817282 0.281278 0.106661 0.076508