0 0.456796 0.456796 0.209271 0.236724
0 0.727835 0.301980 0.053330 0.051305
0 0.757876 0.309181 0.054005 0.038704
0 0.804455 0.306931 0.052655 0.072007
0 0.803105 0.630513 0.072907 0.081908
0 0.729860 0.712421 0.080333 0.069307
0 0.686656 0.529253 0.081683 0.077408
0 0.669104 0.758776 0.084383 0.059406
0 0.636364 0.836634 0.032403 0.063906
0 0.610711 0.866337 0.067507 0.029703
0 0.598560 0.839334 0.025653 0.044104
0 0.557718 0.831683 0.072232 0.097210
0 0.482111 0.801080 0.031728 0.068407
0 0.443294 0.828533 0.051305 0.051305