0 0.571557 0.643564 0.086409 0.113411
0 0.732898 0.699370 0.081008 0.055806
0 0.644127 0.712871 0.084383 0.064806
0 0.636026 0.865887 0.072232 0.075608
0 0.613749 0.852835 0.070882 0.076508
0 0.650203 0.794779 0.049280 0.057606
0 0.589446 0.788929 0.058731 0.058506
0 0.539829 0.795230 0.049955 0.054905
0 0.543204 0.768677 0.024302 0.043204
0 0.494937 0.797480 0.091134 0.050405
0 0.454433 0.833483 0.073582 0.063006
0 0.645815 0.227273 0.113411 0.078308
0 0.694082 0.280828 0.057381 0.064806
0 0.777115 0.306481 0.111386 0.058506