0 0.579320 0.434743 0.114086 0.115212
0 0.720072 0.467147 0.090459 0.091809
0 0.749437 0.274077 0.116787 0.076508
0 0.636026 0.709271 0.050630 0.084608
0 0.625225 0.858686 0.073582 0.054005
0 0.617799 0.820882 0.061431 0.048605
0 0.648177 0.797480 0.065482 0.050405
0 0.571220 0.783078 0.056031 0.075608
0 0.539154 0.774977 0.078308 0.061206
0 0.450383 0.790279 0.083033 0.072007
0 0.499325 0.708821 0.024302 0.036904
0 0.629950 0.630063 0.047930 0.039604
0 0.586409 0.608911 0.052655 0.040504
0 0.558731 0.707921 0.058056 0.049505
0 0.606661 0.757876 0.051305 0.082808
0 0.808506 0.538254 0.072907 0.063006