0 0.634338 0.662466 0.076958 0.088209
0 0.658978 0.700270 0.054680 0.070207
0 0.706571 0.475248 0.070207 0.091809
0 0.776103 0.289379 0.063456 0.067507
0 0.529365 0.347885 0.034428 0.087309
0 0.590122 0.736724 0.062781 0.035104
0 0.481098 0.776778 0.039154 0.073807
0 0.307943 0.776328 0.077633 0.078308
0 0.167867 0.721872 0.087759 0.075608
0 0.513164 0.822232 0.038479 0.044104
0 0.541179 0.840234 0.032403 0.071107
0 0.602273 0.776328 0.060081 0.044104
0 0.591809 0.823132 0.033753 0.069307
0 0.818294 0.602160 0.078983 0.086409
0 0.305243 0.251125 0.049280 0.061206