0 0.395027 0.387039 0.097885 0.075608
0 0.486161 0.778128 0.105986 0.114311
0 0.602610 0.232223 0.074257 0.057606
0 0.715347 0.446895 0.040504 0.051305
0 0.698132 0.522952 0.078983 0.063006
0 0.674167 0.621512 0.083708 0.069307
0 0.656278 0.844284 0.023627 0.041404
0 0.626575 0.814131 0.029028 0.054905
0 0.733236 0.693519 0.042529 0.072907
0 0.604973 0.740774 0.064131 0.041404
0 0.564131 0.764176 0.025653 0.066607
0 0.548267 0.770927 0.020927 0.076508
0 0.405828 0.801530 0.058731 0.065707
0 0.707921 0.242124 0.051305 0.079208