0 0.662354 0.638614 0.050630 0.065707
0 0.717034 0.689469 0.049280 0.075608
0 0.652228 0.716472 0.061431 0.055806
0 0.592484 0.801080 0.045905 0.081008
0 0.536116 0.762376 0.069532 0.079208
0 0.472322 0.793429 0.044554 0.074707
0 0.536116 0.711971 0.033078 0.086409
0 0.492912 0.722322 0.035779 0.051305
0 0.397052 0.372187 0.062781 0.078308
0 0.679568 0.218722 0.090459 0.050405
0 0.696107 0.245725 0.062781 0.045005
0 0.742349 0.267777 0.040504 0.089109
0 0.751463 0.290729 0.064131 0.066607
0 0.811206 0.295680 0.060756 0.053105