0 0.386926 0.357786 0.065482 0.085509
0 0.669104 0.222322 0.034428 0.108011
0 0.659991 0.634563 0.043204 0.057606
0 0.725810 0.633663 0.068182 0.057606
0 0.619824 0.626013 0.051980 0.053105
0 0.583033 0.685869 0.039154 0.079208
0 0.654253 0.851035 0.058731 0.053105
0 0.617462 0.837984 0.043204 0.045005
0 0.630963 0.801530 0.033753 0.045905
0 0.551643 0.851935 0.076283 0.053105
0 0.605311 0.788479 0.029703 0.054005
0 0.564131 0.779028 0.063456 0.056706
0 0.522615 0.780378 0.070882 0.037804
0 0.534091 0.739874 0.042529 0.039604
0 0.462196 0.786229 0.043204 0.074707
0 0.432831 0.790729 0.022277 0.103510
0 0.390977 0.819082 0.096535 0.070207
0 0.414604 0.784428 0.034428 0.058506
0 0.828420 0.284428 0.080333 0.117012
0 0.816607 0.127813 0.081008 0.115212
0 0.880738 0.133663 0.095860 0.065707
0 0.929005 0.178668 0.051980 0.071107