0 0.716022 0.474797 0.083708 0.103510
0 0.694082 0.572907 0.103285 0.078308
0 0.748762 0.621062 0.051980 0.082808
0 0.655266 0.735374 0.032403 0.070207
0 0.626913 0.719622 0.028353 0.078308
0 0.621850 0.615662 0.027678 0.064806
0 0.624550 0.851935 0.083033 0.062106
0 0.632651 0.810531 0.078983 0.051305
0 0.604298 0.730423 0.038479 0.042304
0 0.593497 0.789379 0.050630 0.059406
0 0.549955 0.754275 0.040504 0.048605
0 0.460846 0.798830 0.081008 0.053105
0 0.374100 0.362736 0.072232 0.066607
0 0.733236 0.264176 0.056031 0.072907
0 0.679230 0.203420 0.085734 0.043204