0 0.677543 0.217372 0.060756 0.060306
0 0.697457 0.184968 0.046580 0.047705
0 0.768339 0.291179 0.100585 0.089109
0 0.853060 0.309181 0.067507 0.087309
0 0.713659 0.418542 0.153240 0.140414
0 0.699482 0.537804 0.089784 0.060306
0 0.713659 0.623312 0.101935 0.116112
0 0.726823 0.728623 0.037804 0.112511
0 0.703533 0.812781 0.057381 0.070207
0 0.661341 0.817732 0.070207 0.065707
0 0.600923 0.851035 0.081683 0.058506
0 0.608011 0.815482 0.093159 0.064806
0 0.517214 0.860936 0.069532 0.044104
0 0.396377 0.827633 0.060081 0.069307
0 0.431143 0.809181 0.049955 0.055806
0 0.476710 0.773177 0.037129 0.108011
0 0.532403 0.799280 0.068857 0.070207
0 0.538816 0.729073 0.047930 0.063006
0 0.841247 0.608911 0.083033 0.098110
0 0.478735 0.298830 0.112736 0.160216
0 0.457471 0.654365 0.079658 0.102610