0 0.388614 0.359586 0.081008 0.099910
0 0.380851 0.827633 0.058731 0.083708
0 0.416292 0.792979 0.044554 0.082808
0 0.450045 0.783528 0.066157 0.072907
0 0.510801 0.774077 0.083708 0.064806
0 0.526328 0.738524 0.064806 0.063906
0 0.589446 0.765077 0.030378 0.077408
0 0.611049 0.796580 0.038479 0.039604
0 0.544217 0.849685 0.078983 0.050405
0 0.652565 0.848785 0.072907 0.059406
0 0.599235 0.834833 0.043204 0.062106
0 0.723785 0.622862 0.058731 0.066607
0 0.659316 0.637714 0.060756 0.067507
0 0.614761 0.617462 0.047255 0.050405
0 0.585734 0.675968 0.043204 0.088209
0 0.671805 0.223672 0.033078 0.085509