0 0.560081 0.458596 0.186319 0.164716
0 0.445995 0.323582 0.064806 0.083708
0 0.378825 0.364536 0.069532 0.055806
0 0.400765 0.506301 0.044554 0.076508
0 0.816944 0.628263 0.078983 0.100810
0 0.709946 0.176418 0.048605 0.032403
0 0.689019 0.206571 0.062106 0.026103
0 0.675180 0.231323 0.047930 0.050405
0 0.710621 0.238074 0.060756 0.031503
0 0.734248 0.276778 0.054005 0.053105
0 0.802430 0.274977 0.059406 0.067507
0 0.868587 0.314581 0.068857 0.078308
0 0.813231 0.299280 0.066157 0.087309
0 0.706571 0.460396 0.054005 0.042304
0 0.728848 0.507651 0.078308 0.090009
0 0.687669 0.535104 0.048605 0.074707
0 0.682268 0.592259 0.067507 0.072007
0 0.634676 0.727723 0.034428 0.083708
0 0.705221 0.810081 0.041854 0.081008
0 0.462534 0.777228 0.045230 0.076508
0 0.569532 0.777678 0.051305 0.073807
0 0.600248 0.802880 0.047930 0.052205
0 0.599910 0.836184 0.066157 0.028803
0 0.552655 0.852385 0.078308 0.046805
0 0.515189 0.747075 0.031728 0.028803
0 0.519577 0.782178 0.041854 0.082808
0 0.567507 0.653915 0.051305 0.065707
0 0.583371 0.616562 0.030378 0.050405
0 0.621850 0.632313 0.042529 0.053105