0 0.551915 0.674059 0.075605 0.077957
0 0.686492 0.709005 0.042339 0.094086
0 0.731351 0.800403 0.049395 0.053763
0 0.814516 0.755376 0.056452 0.111559
0 0.947581 0.857527 0.066532 0.055108
0 0.964718 0.834005 0.046371 0.053763
0 0.984879 0.851478 0.028226 0.059140
0 0.767137 0.866935 0.058468 0.036290
0 0.659778 0.859543 0.053427 0.053763
0 0.726310 0.880376 0.057460 0.047043
0 0.673387 0.831989 0.050403 0.060484
0 0.735887 0.831317 0.034274 0.056452
0 0.765625 0.825269 0.039315 0.071237
0 0.816532 0.826613 0.048387 0.052419
0 0.632560 0.625672 0.039315 0.075269
0 0.611391 0.425403 0.071573 0.067204
0 0.705645 0.781586 0.030242 0.048387