0 0.688004 0.620968 0.087702 0.084677
0 0.530746 0.368952 0.089718 0.137097
0 0.401210 0.414651 0.110887 0.091398
0 0.368448 0.536962 0.043347 0.061828
0 0.504536 0.712366 0.051411 0.052419
0 0.483871 0.806452 0.088710 0.087366
0 0.446573 0.785618 0.048387 0.061828
0 0.415323 0.813844 0.064516 0.099462
0 0.503024 0.856183 0.082661 0.071237
0 0.526714 0.782258 0.037298 0.063172
0 0.563004 0.784274 0.063508 0.120968
0 0.606855 0.736559 0.046371 0.081989
0 0.645665 0.731183 0.047379 0.060484
0 0.775706 0.823925 0.065524 0.092742
0 0.713206 0.825269 0.089718 0.090054
0 0.645161 0.846102 0.076613 0.069892