0 0.491431 0.719086 0.035282 0.060484
0 0.556452 0.640457 0.040323 0.086022
0 0.617440 0.657930 0.043347 0.067204
0 0.672379 0.592742 0.072581 0.076613
0 0.693044 0.519489 0.075605 0.083333
0 0.543851 0.755376 0.031250 0.055108
0 0.529234 0.799731 0.078629 0.055108
0 0.466230 0.786962 0.051411 0.077957
0 0.402722 0.833333 0.041331 0.063172
0 0.572077 0.842070 0.075605 0.061828
0 0.670363 0.750672 0.050403 0.077957
0 0.721774 0.727823 0.060484 0.059140
0 0.517137 0.869624 0.054435 0.052419
0 0.658266 0.853495 0.080645 0.057796
0 0.623488 0.803091 0.057460 0.064516
0 0.598790 0.778226 0.056452 0.065860