0 0.680444 0.512769 0.088710 0.115591
0 0.705645 0.442204 0.090726 0.084677
0 0.653730 0.221774 0.067540 0.068548
0 0.758569 0.303091 0.079637 0.104839
0 0.543851 0.487231 0.091734 0.126344
0 0.500000 0.592742 0.086694 0.119624
0 0.390121 0.422715 0.076613 0.083333
0 0.338710 0.391129 0.048387 0.073925
0 0.518649 0.770833 0.063508 0.083333
0 0.596270 0.812500 0.061492 0.099462
0 0.613407 0.667339 0.053427 0.075269
0 0.669355 0.590054 0.112903 0.100806
0 0.481351 0.713710 0.035282 0.063172
0 0.516129 0.709005 0.032258 0.048387
0 0.470766 0.791667 0.046371 0.057796
0 0.440524 0.580645 0.050403 0.076613