0 0.379032 0.512097 0.044355 0.063172
0 0.457661 0.549059 0.108871 0.080645
0 0.698589 0.284274 0.082661 0.112903
0 0.638609 0.245296 0.067540 0.086022
0 0.695060 0.498656 0.093750 0.087366
0 0.663306 0.569220 0.074597 0.086022
0 0.780746 0.542339 0.039315 0.056452
0 0.786290 0.629032 0.096774 0.084677
0 0.798891 0.334005 0.047379 0.126344
0 0.628528 0.737903 0.073589 0.073925
0 0.588710 0.635081 0.048387 0.051075
0 0.711190 0.637769 0.053427 0.067204
0 0.528226 0.783602 0.082661 0.071237
0 0.441532 0.798387 0.044355 0.079301
0 0.625000 0.799731 0.062500 0.071237
0 0.584173 0.788306 0.051411 0.131720