0 0.406754 0.486559 0.077621 0.065860
0 0.549395 0.827957 0.074597 0.092742
0 0.659778 0.848790 0.121976 0.075269
0 0.757560 0.616935 0.041331 0.084677
0 0.661290 0.636425 0.044355 0.067204
0 0.681452 0.547715 0.062500 0.120968
0 0.710685 0.506720 0.080645 0.092742
0 0.721270 0.437500 0.065524 0.064516
0 0.822077 0.295699 0.059476 0.106183
0 0.734879 0.274866 0.048387 0.061828
0 0.700605 0.234543 0.058468 0.075269
0 0.502016 0.725806 0.062500 0.065860
0 0.474798 0.790995 0.058468 0.069892
0 0.600302 0.598118 0.057460 0.071237
0 0.685988 0.793011 0.073589 0.138441