0 0.776714 0.663978 0.057460 0.125000
0 0.734375 0.727151 0.041331 0.090054
0 0.817540 0.305780 0.066532 0.134409
0 0.755544 0.265457 0.053427 0.094086
0 0.673891 0.235887 0.077621 0.096774
0 0.443548 0.535618 0.104839 0.096774
0 0.250504 0.750672 0.107863 0.077957
0 0.481351 0.775538 0.037298 0.055108
0 0.654738 0.834005 0.055444 0.077957
0 0.581653 0.812500 0.080645 0.112903
0 0.646673 0.735887 0.065524 0.045699
0 0.597278 0.733871 0.049395 0.055108
0 0.510585 0.689516 0.055444 0.071237
0 0.628024 0.643817 0.038306 0.052419
0 0.666331 0.635753 0.040323 0.052419
0 0.564012 0.631048 0.037298 0.053763
0 0.598286 0.594086 0.037298 0.041667