0 0.375504 0.362903 0.089718 0.084677
0 0.422883 0.485887 0.081653 0.086022
0 0.699597 0.491935 0.080645 0.133065
0 0.834173 0.300403 0.091734 0.088710
0 0.678427 0.223790 0.080645 0.096774
0 0.573085 0.323925 0.077621 0.176075
0 0.523185 0.622984 0.137097 0.115591
0 0.590222 0.826613 0.069556 0.065860
0 0.658770 0.827285 0.081653 0.077957
0 0.575605 0.779570 0.062500 0.052419
0 0.445565 0.771505 0.090726 0.098118
0 0.367944 0.797043 0.076613 0.090054
0 0.379536 0.641129 0.051411 0.092742
0 0.750000 0.622312 0.060484 0.055108
0 0.602823 0.608199 0.064516 0.064516
0 0.550403 0.782930 0.062500 0.053763