0 0.710181 0.490591 0.093750 0.133065
0 0.720766 0.269489 0.034274 0.072581
0 0.759577 0.280242 0.051411 0.072581
0 0.817036 0.286962 0.075605 0.067204
0 0.657762 0.238575 0.083669 0.123656
0 0.388609 0.356855 0.065524 0.107527
0 0.410786 0.493280 0.037298 0.081989
0 0.456653 0.547715 0.046371 0.077957
0 0.492440 0.706317 0.047379 0.088710
0 0.477319 0.790323 0.089718 0.047043
0 0.584677 0.799059 0.048387 0.115591
0 0.541835 0.759409 0.053427 0.079301
0 0.651714 0.696909 0.087702 0.088710
0 0.671875 0.623656 0.033266 0.052419
0 0.751008 0.684140 0.058468 0.057796
0 0.747480 0.619624 0.061492 0.060484
0 0.596774 0.682796 0.042339 0.041667
0 0.582157 0.721774 0.077621 0.065860