0 0.742944 0.297715 0.066532 0.110215
0 0.814012 0.320565 0.039315 0.131720
0 0.688508 0.268817 0.058468 0.127688
0 0.643145 0.253360 0.054435 0.099462
0 0.343246 0.393817 0.065524 0.068548
0 0.374496 0.411962 0.053427 0.059140
0 0.506048 0.731183 0.068548 0.068548
0 0.425403 0.801075 0.096774 0.116935
0 0.580645 0.823253 0.054435 0.115591
0 0.671875 0.854839 0.095766 0.081989
0 0.667843 0.798387 0.055444 0.081989
0 0.666835 0.608871 0.075605 0.076613
0 0.690020 0.492608 0.079637 0.088710
0 0.749496 0.643817 0.039315 0.073925
0 0.539819 0.788978 0.045363 0.071237