0 0.498488 0.512097 0.075605 0.135753
0 0.558972 0.615591 0.053427 0.095430
0 0.669355 0.581989 0.062500 0.076613
0 0.828629 0.588710 0.074597 0.065860
0 0.813508 0.530914 0.078629 0.081989
0 0.720766 0.477151 0.088710 0.079301
0 0.726815 0.368952 0.058468 0.134409
0 0.732359 0.274194 0.077621 0.079301
0 0.742440 0.220430 0.079637 0.087366
0 0.675403 0.215726 0.052419 0.080645
0 0.555948 0.750000 0.085685 0.103495
0 0.669355 0.652554 0.086694 0.072581
0 0.616431 0.848790 0.047379 0.096774
0 0.556956 0.841398 0.055444 0.084677
0 0.479839 0.796371 0.074597 0.120968
0 0.406250 0.649194 0.060484 0.119624
0 0.457661 0.648522 0.062500 0.069892
0 0.457661 0.581317 0.082661 0.083333