0 0.516129 0.772849 0.072581 0.092742
0 0.596774 0.823253 0.058468 0.061828
0 0.646673 0.799731 0.075605 0.065860
0 0.591734 0.762769 0.044355 0.069892
0 0.661290 0.620968 0.034274 0.092742
0 0.726310 0.615591 0.045363 0.087366
0 0.731855 0.389113 0.054435 0.091398
0 0.696573 0.228495 0.068548 0.060484
0 0.707661 0.274866 0.088710 0.075269
0 0.809980 0.295027 0.093750 0.091398
0 0.601310 0.218414 0.077621 0.096774
0 0.557964 0.635081 0.047379 0.072581
0 0.612903 0.622984 0.072581 0.112903
0 0.778730 0.621640 0.037298 0.094086