0 0.712702 0.452285 0.054435 0.094086
0 0.701109 0.526210 0.101815 0.110215
0 0.514617 0.477823 0.097782 0.104839
0 0.455645 0.466398 0.098790 0.092742
0 0.375504 0.349462 0.093750 0.103495
0 0.731855 0.277554 0.084677 0.067204
0 0.680948 0.241263 0.067540 0.067204
0 0.689516 0.213710 0.056452 0.073925
0 0.635081 0.214382 0.062500 0.080645
0 0.639617 0.639785 0.023185 0.081989
0 0.720262 0.648522 0.083669 0.072581
0 0.599798 0.711022 0.054435 0.049731
0 0.547883 0.714382 0.067540 0.077957
0 0.574093 0.772849 0.071573 0.055108
0 0.424395 0.729839 0.042339 0.125000
0 0.480343 0.773522 0.071573 0.120968