0 0.640752 0.638614 0.026328 0.067507
0 0.608686 0.613411 0.031053 0.058506
0 0.716022 0.410441 0.072907 0.100810
0 0.750788 0.268677 0.097885 0.096310
0 0.667417 0.238524 0.068857 0.041404
0 0.695095 0.199820 0.051305 0.086409
0 0.709271 0.621062 0.024302 0.059406
0 0.746737 0.806931 0.081683 0.051305
0 0.679568 0.820432 0.070207 0.045905
0 0.705896 0.834383 0.036454 0.030603
0 0.592484 0.829883 0.089109 0.070207
0 0.542529 0.771827 0.097210 0.044104
0 0.440932 0.805581 0.104635 0.050405
0 0.446332 0.772277 0.037129 0.036004
0 0.651553 0.774527 0.139739 0.063906