0 0.379500 0.342484 0.089784 0.089109
0 0.395702 0.513501 0.070882 0.047705
0 0.450720 0.611611 0.076958 0.056706
0 0.611049 0.612511 0.033078 0.078308
0 0.652903 0.639064 0.061431 0.054005
0 0.590797 0.721872 0.041179 0.064806
0 0.530378 0.711071 0.035104 0.063006
0 0.551643 0.749775 0.020927 0.036004
0 0.508776 0.777228 0.040504 0.045905
0 0.555356 0.791179 0.060756 0.050405
0 0.616449 0.817282 0.083033 0.050405
0 0.642439 0.720972 0.043204 0.068407
0 0.563794 0.632313 0.039829 0.054905
0 0.828420 0.283528 0.095185 0.097210
0 0.703870 0.267777 0.089109 0.053105
0 0.735936 0.288479 0.047930 0.040504
0 0.595185 0.238974 0.043204 0.053105