0 0.673155 0.220972 0.042529 0.071107
0 0.594847 0.228173 0.095185 0.051305
0 0.849685 0.133213 0.054005 0.088209
0 0.928330 0.076958 0.054680 0.072907
0 0.770027 0.282628 0.083708 0.097210
0 0.704545 0.286229 0.098560 0.095410
0 0.831458 0.289829 0.059406 0.090009
0 0.702520 0.461746 0.078308 0.126013
0 0.657628 0.633213 0.035779 0.078308
0 0.646490 0.812331 0.072907 0.063906
0 0.590459 0.810981 0.051305 0.073807
0 0.550630 0.769127 0.082358 0.053105
0 0.537804 0.751125 0.094509 0.083708
0 0.470297 0.780828 0.054005 0.071107
0 0.435869 0.780828 0.059406 0.063906
0 0.433506 0.826733 0.042529 0.031503
0 0.761926 0.630063 0.035104 0.070207