0 0.693744 0.502250 0.063456 0.077408
0 0.837871 0.288929 0.131638 0.090009
0 0.686319 0.199370 0.095860 0.049505
0 0.371062 0.363636 0.071557 0.045005
0 0.407178 0.389739 0.053330 0.055806
0 0.440257 0.743924 0.031728 0.058506
0 0.528690 0.773627 0.078983 0.072907
0 0.476035 0.788929 0.068182 0.060306
0 0.591134 0.802430 0.070207 0.072907
0 0.640752 0.786229 0.043879 0.062106
0 0.592822 0.764626 0.029028 0.053105
0 0.668767 0.698920 0.058056 0.065707
0 0.746400 0.635464 0.039154 0.050405
0 0.642439 0.632313 0.043204 0.049505
0 0.479410 0.696220 0.038479 0.060306
0 0.529703 0.618812 0.047255 0.063906
0 0.805131 0.538704 0.039154 0.065707