0 0.504725 0.689919 0.071557 0.083708
0 0.711296 0.452295 0.060756 0.123312
0 0.854410 0.309631 0.068857 0.086409
0 0.788591 0.267777 0.045230 0.090909
0 0.729523 0.267327 0.079658 0.081008
0 0.704883 0.229973 0.083033 0.051305
0 0.676868 0.196670 0.074257 0.035104
0 0.614424 0.234023 0.099235 0.045005
0 0.728510 0.688119 0.024977 0.069307
0 0.764626 0.632313 0.041854 0.060306
0 0.623200 0.664716 0.047930 0.051305
0 0.655941 0.625563 0.049955 0.055806
0 0.455108 0.536904 0.078983 0.058506
0 0.349122 0.333483 0.077633 0.096310