0 0.593159 0.240324 0.040504 0.041404
0 0.696445 0.239874 0.045905 0.062106
0 0.728510 0.297930 0.072232 0.124212
0 0.827070 0.298380 0.087084 0.069307
0 0.735599 0.422592 0.074257 0.060306
0 0.721760 0.524752 0.083033 0.082808
0 0.672480 0.590459 0.050630 0.082808
0 0.640752 0.645365 0.054680 0.054005
0 0.663029 0.735824 0.029028 0.058506
0 0.632313 0.723222 0.067507 0.080108
0 0.526665 0.700270 0.080333 0.073807
0 0.549955 0.781728 0.062106 0.072907
0 0.646827 0.809631 0.083033 0.065707
0 0.449370 0.625113 0.058056 0.040504
0 0.508101 0.102610 0.120162 0.192619