0 0.705558 0.477498 0.077633 0.103510
0 0.655603 0.236724 0.069532 0.104410
0 0.722435 0.266877 0.039829 0.071107
0 0.779140 0.280828 0.064131 0.061206
0 0.668429 0.620612 0.034428 0.035104
0 0.655266 0.688569 0.081008 0.068407
0 0.639401 0.810531 0.049280 0.074707
0 0.562106 0.781278 0.081008 0.052205
0 0.537804 0.757426 0.078308 0.027903
0 0.491899 0.752475 0.049955 0.036004
0 0.523965 0.557606 0.134338 0.090909
0 0.390302 0.353285 0.042529 0.092709
0 0.412241 0.496400 0.036454 0.072907
0 0.747075 0.613411 0.054005 0.042304