0 0.440594 0.334833 0.060756 0.111611
0 0.731886 0.390639 0.060081 0.073807
0 0.722435 0.483348 0.096535 0.082808
0 0.705558 0.545455 0.084383 0.082808
0 0.781166 0.659766 0.054680 0.077408
0 0.712984 0.685869 0.053330 0.091809
0 0.651553 0.644014 0.054680 0.056706
0 0.598222 0.618362 0.045230 0.050405
0 0.516539 0.707921 0.066832 0.067507
0 0.580671 0.727723 0.039829 0.060306
0 0.568519 0.764176 0.024977 0.039604
0 0.582696 0.820882 0.062781 0.063006
0 0.577633 0.798830 0.029703 0.060306
0 0.562444 0.855986 0.077633 0.036004
0 0.645140 0.851935 0.040504 0.065707
0 0.662354 0.845185 0.097885 0.046805
0 0.468947 0.793429 0.049955 0.026103
0 0.445320 0.819082 0.041854 0.034203
0 0.620500 0.779928 0.023627 0.033303
0 0.622862 0.229523 0.056706 0.034203
0 0.401440 0.507201 0.049955 0.067507
0 0.428443 0.520702 0.037804 0.060306
0 0.529703 0.803780 0.048605 0.068407
0 0.519577 0.749775 0.028353 0.055806
0 0.542192 0.729523 0.023627 0.042304