0 0.773740 0.283978 0.058731 0.081908
0 0.846985 0.301980 0.064806 0.071107
0 0.804118 0.301980 0.064131 0.141314
0 0.674167 0.226373 0.068857 0.053105
0 0.797030 0.649865 0.068857 0.088209
0 0.804455 0.536004 0.063456 0.087309
0 0.680581 0.634113 0.087084 0.071107
0 0.696782 0.554905 0.107336 0.101710
0 0.647165 0.836184 0.049955 0.072007
0 0.579320 0.830333 0.054680 0.085509
0 0.543879 0.840234 0.047255 0.069307
0 0.480761 0.803780 0.050630 0.066607
0 0.331571 0.816832 0.080333 0.069307
0 0.508101 0.757876 0.040504 0.090009
0 0.552993 0.755176 0.037129 0.063006
0 0.577295 0.701620 0.026328 0.026103
0 0.374775 0.368587 0.039829 0.051305