0 0.372412 0.364986 0.086409 0.072907
0 0.717709 0.470747 0.095185 0.122412
0 0.695770 0.569757 0.082358 0.055806
0 0.657966 0.242574 0.082358 0.067507
0 0.751125 0.277678 0.048605 0.089109
0 0.817282 0.282178 0.099910 0.076508
0 0.765639 0.119712 0.084383 0.064806
0 0.619487 0.621512 0.049955 0.047705
0 0.570545 0.778578 0.035779 0.068407
0 0.581683 0.847885 0.083708 0.086409
0 0.638726 0.846085 0.096535 0.046805
0 0.408528 0.811881 0.099235 0.097210
0 0.469959 0.774977 0.078983 0.075608
0 0.478735 0.816832 0.047930 0.060306
0 0.514176 0.763276 0.056706 0.048605
0 0.691719 0.686319 0.072907 0.094509
0 0.811544 0.527903 0.057381 0.071107