0 0.388614 0.367687 0.074257 0.081908
0 0.415617 0.501800 0.052655 0.083708
0 0.590459 0.628263 0.060756 0.066607
0 0.634676 0.657066 0.050630 0.054005
0 0.680918 0.572007 0.055356 0.126913
0 0.709608 0.416292 0.057381 0.062106
0 0.684293 0.214671 0.086409 0.067507
0 0.797705 0.305581 0.085059 0.054905
0 0.749775 0.281728 0.082358 0.045005
0 0.355198 0.810981 0.068182 0.055806
0 0.406503 0.810981 0.039829 0.063006
0 0.442282 0.803780 0.027678 0.064806
0 0.458821 0.787579 0.029703 0.091809
0 0.486161 0.742574 0.045230 0.055806
0 0.505063 0.795680 0.070882 0.061206
0 0.597210 0.817282 0.056706 0.059406
0 0.600923 0.772727 0.054680 0.065707
0 0.545905 0.759676 0.075608 0.050405