0 0.587759 0.633213 0.039154 0.076508
0 0.619149 0.641764 0.049280 0.064806
0 0.598222 0.688569 0.062781 0.055806
0 0.716022 0.635014 0.054005 0.065707
0 0.635014 0.803330 0.062106 0.069307
0 0.584383 0.778128 0.047255 0.078308
0 0.520252 0.716022 0.035104 0.053105
0 0.503375 0.693069 0.052655 0.039604
0 0.486836 0.769127 0.064131 0.071107
0 0.542192 0.756976 0.030378 0.097210
0 0.728510 0.189919 0.072232 0.064806
0 0.708933 0.248425 0.038479 0.066607
0 0.665054 0.237174 0.072232 0.049505
0 0.377813 0.364536 0.067507 0.063006