0 0.702858 0.485599 0.051980 0.094509
0 0.791629 0.297030 0.043204 0.070207
0 0.766989 0.275878 0.035779 0.056706
0 0.718047 0.273177 0.052655 0.053105
0 0.674167 0.220072 0.047255 0.058506
0 0.722772 0.146265 0.031053 0.071107
0 0.693744 0.740774 0.078308 0.086409
0 0.561431 0.658416 0.141764 0.137714
0 0.509788 0.741224 0.041179 0.027903
0 0.551980 0.752925 0.037804 0.029703
0 0.542867 0.794329 0.061431 0.071107
0 0.642777 0.797030 0.042529 0.033303
0 0.632313 0.828983 0.044554 0.054005
0 0.466247 0.797030 0.032403 0.074707
0 0.492237 0.797930 0.024977 0.063906