0 0.418317 0.475698 0.068857 0.101710
0 0.539154 0.570207 0.062106 0.123312
0 0.682268 0.226823 0.075608 0.070207
0 0.788929 0.296580 0.039154 0.056706
0 0.832133 0.290279 0.035104 0.063906
0 0.728510 0.288929 0.054680 0.050405
0 0.604635 0.664716 0.105311 0.132313
0 0.719397 0.804230 0.079658 0.081908
0 0.679568 0.804680 0.070207 0.093609
0 0.640752 0.837084 0.053330 0.048605
0 0.623200 0.821332 0.064131 0.053105
0 0.629950 0.789379 0.060081 0.055806
0 0.555356 0.745725 0.032403 0.040504
0 0.402790 0.801530 0.076958 0.074707
0 0.309631 0.785329 0.056706 0.058506
0 0.484473 0.724122 0.031053 0.042304
0 0.463884 0.785779 0.065482 0.055806
0 0.530378 0.837534 0.031053 0.060306
0 0.564469 0.780828 0.066832 0.031503
0 0.776103 0.666967 0.054005 0.048605