0 0.379838 0.349235 0.091809 0.084608
0 0.417642 0.472997 0.059406 0.074707
0 0.839559 0.295230 0.059406 0.057606
0 0.864536 0.328983 0.071557 0.062106
0 0.586746 0.543654 0.076283 0.057606
0 0.719397 0.803330 0.087759 0.053105
0 0.696782 0.571557 0.047930 0.082808
0 0.671805 0.699370 0.046580 0.061206
0 0.663029 0.637264 0.029028 0.043204
0 0.613749 0.626013 0.047930 0.044104
0 0.714671 0.621512 0.018902 0.051305
0 0.548605 0.775428 0.031053 0.063906
0 0.609023 0.816382 0.023627 0.063006
0 0.582358 0.816832 0.029703 0.058506
0 0.645815 0.789829 0.059406 0.080108
0 0.484473 0.793429 0.036454 0.051305
0 0.457133 0.707921 0.100585 0.103510