0 0.831121 0.283978 0.056031 0.081908
0 0.786566 0.287129 0.053330 0.070207
0 0.717034 0.286679 0.092484 0.056706
0 0.703870 0.367237 0.048605 0.088209
0 0.696107 0.509451 0.053330 0.095410
0 0.705896 0.600360 0.036454 0.122412
0 0.557381 0.626913 0.083708 0.067507
0 0.650878 0.635914 0.046580 0.067507
0 0.737286 0.785329 0.089784 0.143114
0 0.644464 0.838434 0.035104 0.058506
0 0.634676 0.783978 0.065482 0.050405
0 0.634338 0.720522 0.068857 0.054905
0 0.475698 0.779028 0.022952 0.038704
0 0.556031 0.744374 0.049955 0.039604
0 0.573245 0.811431 0.054680 0.098110