0 0.375450 0.346535 0.057381 0.075608
0 0.654928 0.700720 0.053330 0.051305
0 0.659316 0.844284 0.036454 0.055806
0 0.605311 0.843834 0.043204 0.042304
0 0.591134 0.806931 0.018902 0.049505
0 0.552993 0.780828 0.030378 0.058506
0 0.496287 0.775428 0.020927 0.054905
0 0.455446 0.785779 0.041854 0.037804
0 0.399415 0.518452 0.055356 0.046805
0 0.835171 0.293879 0.074932 0.076508
0 0.726148 0.374437 0.066157 0.055806
0 0.728510 0.261476 0.060081 0.076508
0 0.674505 0.218722 0.087084 0.068407
0 0.640752 0.629613 0.049280 0.065707