0 0.725810 0.268227 0.065482 0.077408
0 0.677880 0.209271 0.087084 0.047705
0 0.720410 0.488749 0.118137 0.093609
0 0.689356 0.556706 0.049280 0.069307
0 0.749100 0.612511 0.047255 0.078308
0 0.619487 0.615212 0.031053 0.063906
0 0.653578 0.729973 0.029028 0.052205
0 0.640077 0.800180 0.049280 0.054005
0 0.644127 0.792079 0.072232 0.034203
0 0.616112 0.827183 0.040504 0.052205
0 0.588434 0.830783 0.041854 0.057606
0 0.573920 0.788929 0.045230 0.049505
0 0.543879 0.764626 0.075608 0.054905
0 0.548942 0.744824 0.035779 0.036904
0 0.571895 0.689469 0.073582 0.072007
0 0.372750 0.350135 0.068182 0.066607
0 0.601260 0.751125 0.033753 0.076508