0 0.776440 0.274077 0.085734 0.078308
0 0.707583 0.286679 0.089784 0.089109
0 0.839559 0.293429 0.066157 0.082808
0 0.699482 0.477498 0.072232 0.148515
0 0.656278 0.629613 0.041179 0.060306
0 0.774077 0.643114 0.044554 0.078308
0 0.714334 0.623762 0.033078 0.041404
0 0.683281 0.684518 0.060081 0.076508
0 0.729523 0.695770 0.024302 0.070207
0 0.644464 0.819532 0.085059 0.074707
0 0.637376 0.785779 0.054680 0.079208
0 0.592484 0.739874 0.040504 0.082808
0 0.385914 0.794779 0.029703 0.066607
0 0.427093 0.783078 0.031053 0.054005
0 0.449707 0.810081 0.062781 0.034203
0 0.474347 0.769127 0.058056 0.062106
0 0.549617 0.778128 0.076283 0.063906
0 0.558393 0.743024 0.035779 0.038704
0 0.598222 0.238524 0.058731 0.064806