0 0.688006 0.518452 0.083033 0.072007
0 0.398402 0.496400 0.038479 0.058506
0 0.372075 0.347885 0.084383 0.054905
0 0.736274 0.618362 0.045905 0.066607
0 0.654928 0.723672 0.062781 0.072007
0 0.652228 0.652115 0.033078 0.063906
0 0.615774 0.612961 0.057381 0.048605
0 0.645815 0.637714 0.035104 0.060306
0 0.572570 0.736724 0.043879 0.060306
0 0.595522 0.820882 0.054680 0.050405
0 0.582696 0.780828 0.030378 0.067507
0 0.371400 0.807381 0.108686 0.055806
0 0.441607 0.762826 0.049280 0.047705
0 0.486161 0.765527 0.051980 0.087309
0 0.371737 0.763726 0.054005 0.053105
0 0.531391 0.726823 0.038479 0.071107
0 0.548942 0.788929 0.037129 0.036904
0 0.737286 0.257876 0.084383 0.071107
0 0.808843 0.287129 0.087084 0.045005
0 0.678893 0.227273 0.049955 0.062106
0 0.595185 0.237174 0.059406 0.033303