0 0.385757 0.357567 0.059347 0.124629
0 0.350148 0.229970 0.142433 0.098912
0 0.444362 0.137982 0.066766 0.092977
0 0.720326 0.439664 0.102374 0.098912
0 0.848665 0.307122 0.059347 0.106825
0 0.683976 0.215134 0.109792 0.085064
0 0.651335 0.635509 0.050445 0.055391
0 0.589021 0.600890 0.056380 0.065282
0 0.531899 0.695846 0.096439 0.108803
0 0.474036 0.800692 0.102374 0.073195
0 0.610534 0.838279 0.075668 0.057369
0 0.639466 0.730465 0.077151 0.055391
0 0.636499 0.784866 0.080119 0.061325
0 0.571217 0.773986 0.062315 0.083086