0 0.686944 0.229970 0.059347 0.075173
0 0.750000 0.264590 0.093472 0.085064
0 0.386499 0.353610 0.069733 0.116716
0 0.355341 0.698813 0.031157 0.122651
0 0.313798 0.785856 0.063798 0.071217
0 0.262611 0.771019 0.053412 0.085064
0 0.399110 0.753215 0.059347 0.073195
0 0.444362 0.667161 0.051929 0.051434
0 0.550445 0.644411 0.089021 0.085064
0 0.653561 0.706726 0.051929 0.075173
0 0.790059 0.637488 0.057864 0.098912
0 0.847181 0.590010 0.047478 0.094955
0 0.643175 0.838279 0.072700 0.077151
0 0.629080 0.780910 0.056380 0.077151
0 0.580861 0.840257 0.051929 0.104847
0 0.563056 0.782888 0.043027 0.057369
0 0.572700 0.724530 0.050445 0.027695
0 0.510386 0.760138 0.044510 0.047478
0 0.519288 0.833333 0.035608 0.090999
0 0.442878 0.814540 0.090504 0.041543
0 0.376113 0.817507 0.043027 0.079130