0 0.684968 0.235374 0.060756 0.080108
0 0.664041 0.631413 0.031053 0.071107
0 0.797030 0.618362 0.036454 0.070207
0 0.595522 0.624662 0.056031 0.052205
0 0.619824 0.656616 0.039829 0.049505
0 0.604298 0.737624 0.029028 0.038704
0 0.581683 0.743924 0.035104 0.042304
0 0.558056 0.716022 0.047255 0.047705
0 0.546580 0.756076 0.022952 0.032403
0 0.599235 0.823582 0.067507 0.045005
0 0.567844 0.790729 0.047930 0.058506
0 0.509451 0.787579 0.055356 0.048605
0 0.493924 0.772277 0.049955 0.025203
0 0.448020 0.798830 0.070207 0.035104
0 0.369037 0.808281 0.086409 0.034203