0 0.485149 0.779028 0.039154 0.056706
0 0.274527 0.760126 0.067507 0.047705
0 0.495612 0.676418 0.027678 0.031503
0 0.533078 0.683618 0.016202 0.020702
0 0.532403 0.700720 0.086409 0.036904
0 0.546917 0.752025 0.038479 0.026103
0 0.565144 0.785329 0.076283 0.029703
0 0.597547 0.826733 0.022277 0.040504
0 0.628600 0.832583 0.033078 0.039604
0 0.653240 0.843834 0.067507 0.053105
0 0.733573 0.724122 0.049955 0.053105
0 0.783528 0.648965 0.048605 0.090009
0 0.752813 0.617912 0.023627 0.038704
0 0.614761 0.575158 0.097210 0.136814
0 0.569532 0.622412 0.029703 0.031503
0 0.803443 0.279028 0.042529 0.063006
0 0.754163 0.270477 0.042529 0.067507
0 0.684631 0.230873 0.041179 0.065707
0 0.455108 0.620162 0.042529 0.036004