0 0.710284 0.550405 0.114086 0.105311
0 0.829433 0.290279 0.062106 0.072907
0 0.787579 0.286679 0.040504 0.060306
0 0.713659 0.276778 0.065482 0.076508
0 0.680243 0.225473 0.082358 0.065707
0 0.555356 0.521602 0.075608 0.128713
0 0.636026 0.653465 0.023627 0.052205
0 0.609698 0.629163 0.053330 0.041404
0 0.701170 0.628263 0.075608 0.072007
0 0.660666 0.728173 0.066157 0.066607
0 0.637039 0.832583 0.055356 0.059406
0 0.617799 0.797930 0.043879 0.033303
0 0.594172 0.838884 0.039829 0.066607
0 0.586746 0.798830 0.030378 0.051305
0 0.552655 0.779928 0.087759 0.047705
0 0.484473 0.791629 0.081008 0.042304