0 0.727498 0.495950 0.075608 0.095410
0 0.812894 0.283528 0.047930 0.068407
0 0.766652 0.279928 0.055356 0.073807
0 0.670455 0.217372 0.092484 0.067507
0 0.663029 0.692619 0.070882 0.060306
0 0.713996 0.619712 0.068857 0.056706
0 0.610036 0.815932 0.045905 0.094509
0 0.658303 0.822682 0.053330 0.048605
0 0.647840 0.774077 0.036454 0.045005
0 0.563119 0.787129 0.022277 0.038704
0 0.567844 0.764176 0.046580 0.037804
0 0.570545 0.741224 0.029028 0.054905
0 0.575945 0.709721 0.046580 0.044104
0 0.600248 0.724122 0.022277 0.022502
0 0.506413 0.782628 0.056031 0.094509
0 0.493249 0.796580 0.076958 0.045005
0 0.476710 0.774977 0.030378 0.021602
0 0.443969 0.605311 0.051305 0.035104
0 0.435194 0.693069 0.059406 0.039604
0 0.556368 0.538254 0.118137 0.136814