0 0.717034 0.490549 0.078983 0.057606
0 0.811544 0.278128 0.054680 0.052205
0 0.770027 0.292079 0.037804 0.033303
0 0.583708 0.244824 0.040504 0.052205
0 0.380851 0.363186 0.026328 0.047705
0 0.340684 0.385689 0.055356 0.069307
0 0.461521 0.786679 0.052655 0.043204
0 0.511476 0.756976 0.067507 0.073807
0 0.766314 0.618812 0.024977 0.049505
0 0.613749 0.817282 0.054680 0.072007
0 0.596197 0.784428 0.043879 0.035104
0 0.569194 0.628263 0.030378 0.066607
0 0.615437 0.623312 0.032403 0.058506
0 0.609023 0.579208 0.034428 0.054905
0 0.654928 0.642214 0.018227 0.063906