0 0.708933 0.471647 0.073582 0.097210
0 0.695095 0.561656 0.068857 0.070207
0 0.711634 0.189919 0.038479 0.041404
0 0.671130 0.225023 0.058731 0.095410
0 0.719397 0.274527 0.060756 0.037804
0 0.370050 0.355986 0.041179 0.065707
0 0.396715 0.373987 0.040504 0.062106
0 0.604973 0.616112 0.051980 0.053105
0 0.627588 0.650765 0.062106 0.036004
0 0.663029 0.721872 0.065482 0.036004
0 0.603960 0.714221 0.036454 0.078308
0 0.642439 0.819082 0.070207 0.048605
0 0.603285 0.825833 0.031053 0.056706
0 0.517552 0.731323 0.086409 0.060306
0 0.484811 0.788479 0.050630 0.046805
0 0.557043 0.778578 0.061431 0.039604
0 0.451733 0.610711 0.058731 0.063906
0 0.653578 0.620612 0.024977 0.026103